  0.0000000e+000  3.3510322e+001
  1.0000000e+000  3.2515032e+001
  2.0000000e+000  3.1539647e+001
  3.0000000e+000  3.0583966e+001
  4.0000000e+000  2.9647788e+001
  5.0000000e+000  2.8730912e+001
  6.0000000e+000  2.7833137e+001
  7.0000000e+000  2.6954262e+001
  8.0000000e+000  2.6094085e+001
  9.0000000e+000  2.5252407e+001
  1.0000000e+001  2.4429024e+001
  1.1000000e+001  2.3623738e+001
  1.2000000e+001  2.2836346e+001
  1.3000000e+001  2.2066647e+001
  1.4000000e+001  2.1314441e+001
  1.5000000e+001  2.0579526e+001
  1.6000000e+001  1.9861702e+001
  1.7000000e+001  1.9160766e+001
  1.8000000e+001  1.8476519e+001
  1.9000000e+001  1.7808759e+001
  2.0000000e+001  1.7157285e+001
  2.1000000e+001  1.6521895e+001
  2.2000000e+001  1.5902390e+001
  2.3000000e+001  1.5298568e+001
  2.4000000e+001  1.4710227e+001
  2.5000000e+001  1.4137167e+001
  2.6000000e+001  1.3579187e+001
  2.7000000e+001  1.3036085e+001
  2.8000000e+001  1.2507661e+001
  2.9000000e+001  1.1993713e+001
  3.0000000e+001  1.1494040e+001
  3.1000000e+001  1.1008442e+001
  3.2000000e+001  1.0536717e+001
  3.3000000e+001  1.0078665e+001
  3.4000000e+001  9.6340834e+000
  3.5000000e+001  9.2027721e+000
  3.6000000e+001  8.7845298e+000
  3.7000000e+001  8.3791554e+000
  3.8000000e+001  7.9864479e+000
  3.9000000e+001  7.6062063e+000
  4.0000000e+001  7.2382295e+000
  4.1000000e+001  6.8823163e+000
  4.2000000e+001  6.5382659e+000
  4.3000000e+001  6.2058770e+000
  4.4000000e+001  5.8849486e+000
  4.5000000e+001  5.5752798e+000
  4.6000000e+001  5.2766693e+000
  4.7000000e+001  4.9889162e+000
  4.8000000e+001  4.7118193e+000
  4.9000000e+001  4.4451777e+000
  5.0000000e+001  4.1887902e+000
  5.1000000e+001  3.9424558e+000
  5.2000000e+001  3.7059735e+000
  5.3000000e+001  3.4791421e+000
  5.4000000e+001  3.2617607e+000
  5.5000000e+001  3.0536281e+000
  5.6000000e+001  2.8545432e+000
  5.7000000e+001  2.6643051e+000
  5.8000000e+001  2.4827127e+000
  5.9000000e+001  2.3095649e+000
  6.0000000e+001  2.1446606e+000
